episode prefix intersection completed plugin
0 0 0 0 0
32 4.537037037037037 2.720196759259259 2.5865162037037037 1.3962492766203705
64 9.074074074074074 3.5658275462962963 3.4361979166666665 1.9691297743055556
96 13.61111111111111 4.233217592592593 4.095576533564815 2.5239619502314814
128 18.14814814814815 4.873951099537037 4.735261140046297 3.0506908275462963
160 22.685185185185187 5.478804976851852 5.322337962962963 3.5766059027777777
192 27.22222222222222 6.022298177083333 5.865288628472222 4.101490162037037
224 31.75925925925926 6.446325231481482 6.249077690972222 4.626374421296297
256 36.2962962962963 6.709906684027778 6.470124421296297 5.151258680555555
288 40.833333333333336 6.939489293981482 6.651439525462963 5.676142939814815
320 45.370370370370374 7.100477430555555 6.806712962962963 6.201027199074074
352 49.907407407407405 7.218659577546297 6.92310474537037 6.725911458333333
384 54.44444444444444 7.320185908564815 7.021375868055555 7.250795717592593
416 58.98148148148148 7.413646556712963 7.098849826388889 7.775679976851852
448 63.51851851851852 7.4570493344907405 7.131076388888889 8.30056423611111
480 68.05555555555556 7.487865306712963 7.151909722222222 8.82544849537037
512 72.5925925925926 7.511519820601852 7.168619791666667 9.35033275462963
