episode prefix intersection completed plugin
0 0 0 0 0
32 18.8125 17.58203125 9.92578125 4.04833984375
64 37.625 20.53515625 13.34765625 4.48583984375
96 46.45703125 21.84765625 16.6640625 5.1591796875
128 47.76953125 23.16015625 17.7919921875 5.1796875
160 48.96923828125 24.267578125 18.919921875 5.5283203125
192 49.451171875 25.046875 19.5146484375 5.548828125
224 49.779296875 25.65185546875 20.02734375 5.6103515625
256 50.107421875 25.97998046875 20.81689453125 5.80517578125
288 50.435546875 26.30810546875 21.216796875 5.8359375
320 50.763671875 26.63623046875 21.83203125 5.90771484375
352 51.091796875 26.96435546875 22.21142578125 5.90771484375
384 51.255859375 27.2412109375 22.70361328125 5.91796875
416 51.255859375 27.2412109375 22.857421875 5.91796875
448 51.255859375 27.2412109375 23.15478515625 5.91796875
480 51.255859375 27.2412109375 23.2060546875 5.91796875
512 51.255859375 27.2412109375 23.29833984375 5.91796875
