launches prefix completion intersection single_blocker_envelope
1 1.0 1.0 1.0 1.0
2 1.0 1.0 1.0 1.6931471805599454
3 1.0 1.0 1.0 2.09861228866811
4 1.0 1.0 1.0 2.386294361119891
5 1.0 1.0 1.0 2.6094379124341005
6 1.0 1.0 1.0 2.791759469228055
7 1.0 1.0 1.0 2.9459101490553135
8 1.0 1.0 1.0 3.0794415416798357
9 1.0 1.0 1.0 3.1972245773362196
10 1.0 1.0 1.0 3.302585092994046
11 1.0 1.0 1.0 3.3978952727983707
12 1.0 1.0 1.0 3.4849066497880004
13 1.0 1.0 1.0 3.5649493574615367
14 1.0 1.0 1.0 3.6390573296152584
15 1.0 1.0 1.0 3.70805020110221
16 1.0 1.0 1.0 3.772588722239781
17 1.0 1.0 1.0 3.833213344056216
18 1.0 1.0 1.0 3.8903717578961645
19 1.0 1.0 1.0 3.9444389791664403
20 1.0 1.0 1.0 3.995732273553991
21 1.0 1.0 1.0 4.044522437723423
22 1.0 1.0 1.0 4.091042453358316
23 1.0 1.0 1.0 4.13549421592915
24 1.0 1.0 1.0 4.178053830347945
25 1.0 1.0 1.0 4.218875824868201
26 1.0 1.0 1.0 4.258096538021482
27 1.0 1.0 1.0 4.295836866004329
28 1.0 1.0 1.0 4.332204510175204
29 1.0 1.0 1.0 4.367295829986475
30 1.0 0.9924442094424283 0.9924442094424283 4.401197381662156
31 1.0 0.9757726024167188 0.9757726024167188 4.433987204485146
32 1.0 0.9599051125842325 0.9599051125842325 4.465735902799727
33 1.0 0.9447793696116165 0.9447793696116165 4.49650756146648
34 1.0 0.9303395574010943 0.9303395574010943 4.526360524616162
35 1.0 0.9165355555836902 0.9165355555836902 4.555348061489413
36 1.0 0.9033222144336012 0.9033222144336012 4.58351893845611
37 1.0 0.8906587393893683 0.8906587393893683 4.610917912644224
38 1.0 0.8785081661383275 0.8785081661383275 4.637586159726386
39 1.0 0.8668369109370979 0.8668369109370979 4.663561646129646
40 1.0 0.8556143837564256 0.8556143837564256 4.688879454113936
41 1.0 0.8448126541415207 0.8448126541415207 4.713572066704308
42 1.0 0.8344061615095206 0.8344061615095206 4.737669618283368
43 1.0 0.8243714630695612 0.8243714630695612 4.761200115693562
44 1.0 0.8146870137283064 0.8146870137283064 4.7841896339182615
45 1.0 0.8053329732958942 0.8053329732958942 4.80666248977032
46 1.0 0.7962910370812147 0.7962910370812147 4.828641396489095
47 1.0 0.7875442865976642 0.7875442865976642 4.850147601710058
48 1.0 0.7790770576194116 0.7790770576194116 4.871201010907891
49 1.0 0.7708748232560119 0.7708748232560119 4.891820298110627
50 1.0 0.762924090067386 0.762924090067386 4.912023005428146
51 1.0 0.7552123055356587 0.7552123055356587 4.931825632724326
52 1.0 0.7477277754561087 0.7477277754561087 4.951243718581427
53 1.0 0.7404595900153886 0.7404595900153886 4.970291913552122
54 1.0 0.7333975574982903 0.7333975574982903 4.9889840465642745
55 1.0 0.7265321447103936 0.7265321447103936 5.007333185232471
56 1.0 0.7198544233275909 0.7198544233275909 5.02535169073515
57 1.0 0.7133560214884769 0.7133560214884769 5.04305126783455
58 1.0 0.7070290800350537 0.7070290800350537 5.060443010546419
59 1.0 0.7008662128836163 0.7008662128836163 5.07753744390572
60 1.0 0.6948604710731784 0.6948604710731784 5.0943445622221
61 1.0 0.6890053100950511 0.6890053100950511 5.110873864173311
62 1.0 0.6832945601556634 0.6832945601556634 5.127134385045092
63 1.0 0.6777223990665739 0.6777223990665739 5.143134726391533
64 1.0 0.6722833274918675 0.6722833274918675 5.1588830833596715
65 1.0 0.6669721463145939 0.6669721463145939 5.174387269895637
66 1.0 0.6617839359112666 0.6617839359112666 5.189654742026425
67 1.0 0.6567140371473057 0.6567140371473057 5.204692619390966
68 1.0 0.6517580339271536 0.6517580339271536 5.219507705176107
69 1.0 0.6469117371510514 0.6469117371510514 5.23410650459726
70 1.0 0.6421711699464772 0.6421711699464772 5.248495242049359
71 1.0 0.6375325540563342 0.6375325540563342 5.2626798770413155
72 1.0 0.6329922972783771 0.6329922972783771 5.276666119016055
73 1.0 0.628546981861311 0.628546981861311 5.290459441148391
74 1.0 0.6241933537726749 0.6241933537726749 5.30406509320417
75 1.0 0.619928312762196 0.619928312762196 5.31748811353631
76 1.0 0.615748903151892 0.615748903151892 5.330733340286331
77 1.0 0.6116523052909726 0.6116523052909726 5.343805421853684
78 1.0 0.6076358276195867 0.6076358276195867 5.356708826689592
79 1.0 0.6036968992908363 0.6036968992908363 5.3694478524670215
80 1.0 0.5998330633052539 0.5998330633052539 5.382026634673881
81 1.0 0.5960419701162278 0.5960419701162278 5.394449154672439
82 1.0 0.5923213716686858 0.5923213716686858 5.406719247264253
83 1.0 0.5886691158367849 0.5886691158367849 5.418840607796598
84 1.0 0.5850831412294446 0.5850831412294446 5.430816798843313
85 1.0 0.5815614723353284 0.5815614723353284 5.442651256490317
86 1.0 0.5781022149813821 0.5781022149813821 5.454347296253507
87 1.0 0.5747035520812855 0.5747035520812855 5.465908118654584
88 1.0 0.5713637396522091 0.5713637396522091 5.477336814478207
89 1.0 0.5680811030801011 0.5680811030801011 5.48863636973214
90 1.0 0.5648540336153949 0.5648540336153949 5.499809670330265
91 1.0 0.5616809850825312 0.5616809850825312 5.51085950651685
92 1.0 0.5585604707880532 0.5585604707880532 5.5217885770490405
93 1.0 0.5554910606132739 0.5554910606132739 5.532599493153256
94 1.0 0.5524713782786419 0.5524713782786419 5.543294782270004
95 1.0 0.5495000987679535 0.5495000987679535 5.553876891600541
96 1.0 0.5465759459014954 0.5465759459014954 5.564348191467836
97 1.0 0.5436976900480545 0.5436976900480545 5.574710978503383
98 1.0 0.5408641459665001 0.5408641459665001 5.584967478670572
99 1.0 0.5380741707683658 0.5380741707683658 5.59511985013459
100 1.0 0.535326661993494 0.535326661993494 5.605170185988092
101 1.0 0.5326205557914089 0.5326205557914089 5.61512051684126
102 1.0 0.5299548252016234 0.5299548252016234 5.624972813284271
103 1.0 0.5273284785265847 0.5273284785265847 5.634728988229636
104 1.0 0.5247405577914206 0.5247405577914206 5.6443908991413725
105 1.0 0.5221901372850697 0.5221901372850697 5.653960350157523
106 1.0 0.5196763221777648 0.5196763221777648 5.663439094112067
107 1.0 0.5171982472101918 0.5171982472101918 5.672828834461906
108 1.0 0.5147550754499781 0.5147550754499781 5.68213122712422
109 1.0 0.5123459971114612 0.5123459971114612 5.6913478822291435
110 1.0 0.50997022843497 0.50997022843497 5.700480365792417
111 1.0 0.5076270106221042 0.5076270106221042 5.709530201312334
112 1.0 0.5053156088237399 0.5053156088237399 5.718498871295094
113 1.0 0.5030353111777001 0.5030353111777001 5.727387818712341
114 1.0 0.5007854278932402 0.5007854278932402 5.736198448394496
115 1.0 0.4985652903796803 0.4985652903796803 5.74493212836325
116 1.0 0.49637425041669087 0.49637425041669087 5.7535901911063645
117 1.0 0.4942116793639015 0.4942116793639015 5.762173934797756
118 1.0 0.49207696740764884 0.49207696740764884 5.770684624465665
119 1.0 0.48996952284282097 0.48996952284282097 5.77912349311153
120 1.0 0.48788877138788084 0.48788877138788084 5.787491742782046
121 1.0 0.4858341555312755 0.4858341555312755 5.795790545596741
122 1.0 0.48380513390754487 0.48380513390754487 5.804021044733257
123 1.0 0.4818011807015484 0.4818011807015484 5.812184355372417
124 1.0 0.47982178507932716 0.47982178507932716 5.820281565605037
125 1.0 0.47786645064420313 0.47786645064420313 5.8283137373023015
126 1.0 0.4759346949168066 0.4759346949168066 5.836281906951478
127 1.0 0.474026048837797 0.474026048837797 5.844187086458591
128 1.0 0.47214005629211625 0.47214005629211625 5.852030263919617
129 1.0 0.4702762736536826 0.4702762736536826 5.859812404361672
130 1.0 0.4684342693494947 0.4684342693494947 5.867534450455582
131 1.0 0.46661362344217716 0.46661362344217716 5.875197323201151
132 1.0 0.46481392723005066 0.46481392723005066 5.882801922586371
133 1.0 0.46303478286386746 0.46303478286386746 5.890349128221754
134 1.0 0.4612758029793952 0.4612758029793952 5.897839799950911
135 1.0 0.45953661034508186 0.45953661034508186 5.90527477843843
136 1.0 0.45781683752407654 0.45781683752407654 5.912654885736052
137 1.0 0.45611612654991884 0.45611612654991884 5.919980925828125
138 1.0 0.4544341286152496 0.4544341286152496 5.927253685157205
139 1.0 0.4527705037729301 0.4527705037729301 5.9344739331306915
140 1.0 0.4511249206489879 0.4511249206489879 5.941642422609304
141 1.0 0.44949705616684316 0.44949705616684316 5.948759890378168
142 1.0 0.4478865952822927 0.4478865952822927 5.955827057601261
143 1.0 0.446293230728762 0.446293230728762 5.962844630259907
144 1.0 0.4447166627723561 0.4447166627723561 5.969813299576001
145 1.0 0.4431565989762697 0.4431565989762697 5.976733742420574
146 1.0 0.4416127539741346 0.4416127539741346 5.983606621708336
147 1.0 0.4400848492519087 0.4400848492519087 5.990432586778736
148 1.0 0.43857261293792743 0.43857261293792743 5.997212273764115
149 1.0 0.43707577960076005 0.43707577960076005 6.003946305945459
150 1.0 0.4355940900545297 0.4355940900545297 6.0106352940962555
151 1.0 0.43412729117137466 0.43412729117137466 6.017279836814924
152 1.0 0.43267513570074273 0.43267513570074273 6.0238805208462765
153 1.0 0.4312373820952266 0.4312373820952266 6.030437921392435
154 1.0 0.4298137943426629 0.4298137943426629 6.0369526024136295
155 1.0 0.4284041418042299 0.4284041418042299 6.043425116919247
156 1.0 0.4270081990582925 0.4270081990582925 6.049856007249537
157 1.0 0.4256257457497556 0.4256257457497556 6.056245805348308
158 1.0 0.4242565664446964 0.4242565664446964 6.062595033026967
159 1.0 0.42290045049006053 0.42290045049006053 6.0689042022202315
160 1.0 0.4215571918782128 0.4215571918782128 6.075173815233827
161 1.0 0.4202265891161469 0.4202265891161469 6.081404364984463
162 1.0 0.418908445099165 0.418908445099165 6.087596335232384
163 1.0 0.41760256698884907 0.41760256698884907 6.093750200806762
164 1.0 0.4163087660951506 0.4163087660951506 6.099866427824199
165 1.0 0.4150268577624384 0.4150268577624384 6.10594547390058
166 1.0 0.41375666125934557 0.41375666125934557 6.111987788356544
167 1.0 0.41249799967226924 0.41249799967226924 6.117993812416755
168 1.0 0.4112506998023793 0.4112506998023793 6.123963979403259
169 1.0 0.41001459206600127 0.41001459206600127 6.1298987149230735
170 1.0 0.4087895103982429 0.4087895103982429 6.135798437050262
171 1.0 0.40757529215974087 0.40757529215974087 6.14166355650266
172 1.0 0.4063717780464085 0.4063717780464085 6.147494476813453
173 1.0 0.405178812002072 0.405178812002072 6.153291594497779
174 1.0 0.40399624113388527 0.40399624113388527 6.159055299214529
175 1.0 0.4028239156304205 0.4028239156304205 6.1647859739235145
176 1.0 0.40166168868233504 0.40166168868233504 6.170483995038151
177 1.0 0.40050941640551874 0.40050941640551874 6.176149732573829
178 1.0 0.3993669577666315 0.3993669577666315 6.181783550292085
179 1.0 0.398234174510943 0.398234174510943 6.187385805840755
180 1.0 0.3971109310923915 0.3971109310923915 6.19295685089021
181 1.0 0.39599709460578086 0.39599709460578086 6.198497031265826
182 1.0 0.3948925347210402 0.3948925347210402 6.204006687076795
183 1.0 0.3937971236194709 0.3937971236194709 6.209486152841421
184 1.0 0.39271073593191175 0.39271073593191175 6.214935757608986
185 1.0 0.3916332486787536 0.3916332486787536 6.220355825078324
186 1.0 0.390564541211739 0.390564541211739 6.225746673713202
187 1.0 0.38950449515748387 0.38950449515748387 6.231108616854587
188 1.0 0.38845299436266184 0.38845299436266184 6.236441962829949
189 1.0 0.3874099248407938 0.3874099248407938 6.241747015059643
190 1.0 0.38637517472058647 0.38637517472058647 6.247024072160486
191 1.0 0.3853486341957687 0.3853486341957687 6.25227342804663
192 1.0 0.3843301954763724 0.3843301954763724 6.2574953720277815
193 1.0 0.38331975274141167 0.38331975274141167 6.262690188904886
194 1.0 0.3823172020929096 0.3823172020929096 6.267858159063328
195 1.0 0.3813224415112318 0.3813224415112318 6.272999558563747
196 1.0 0.3803353708116794 0.3803353708116794 6.278114659230517
197 1.0 0.37935589160230154 0.37935589160230154 6.2832037287379885
198 1.0 0.3783839072428869 0.3783839072428869 6.288267030694535
199 1.0 0.37741932280509555 0.37741932280509555 6.293304824724492
200 1.0 0.376462045033693 0.376462045033693 6.298317366548036
201 1.0 0.3755119823088522 0.3755119823088522 6.303304908059076
202 1.0 0.37456904460948726 0.37456904460948726 6.308267697401205
203 1.0 0.373633143477587 0.373633143477587 6.313205979041787
204 1.0 0.37270419198351556 0.37270419198351556 6.318119993844216
205 1.0 0.37178210469224904 0.37178210469224904 6.3230099791384085
206 1.0 0.3708667976305197 0.3708667976305197 6.327876168789581
207 1.0 0.3699581882548374 0.3699581882548374 6.332718793265369
208 1.0 0.369056195420362 0.369056195420362 6.337538079701318
209 1.0 0.3681607393505997 0.3681607393505997 6.342334251964811
210 1.0 0.36727174160789705 0.36727174160789705 6.3471075307174685
211 1.0 0.36638912506470955 0.36638912506470955 6.351858133476067
212 1.0 0.36551281387561885 0.36551281387561885 6.356586274672012
213 1.0 0.36464273345007714 0.36464273345007714 6.3612921657094255
214 1.0 0.36377881042585625 0.36377881042585625 6.365976015021851
215 1.0 0.3629209726431793 0.3629209726431793 6.3706380281276624
216 1.0 0.36206914911951554 0.36206914911951554 6.375278407684165
217 1.0 0.36122327002501653 0.36122327002501653 6.37989735354046
218 1.0 0.360383266658577 0.360383266658577 6.384495062789089
219 1.0 0.3595490714244986 0.3595490714244986 6.389071729816501
220 1.0 0.35872061780974224 0.35872061780974224 6.393627546352362
221 1.0 0.3578978403617481 0.3578978403617481 6.3981627015177525
222 1.0 0.35708067466680904 0.35708067466680904 6.402677381872279
223 1.0 0.3562690573289803 0.3562690573289803 6.407171771460119
224 1.0 0.3554629259495097 0.3554629259495097 6.4116460518550396
225 1.0 0.35466221910677376 0.35466221910677376 6.41610040220442
226 1.0 0.35386687633670455 0.35386687633670455 6.420534999272286
227 1.0 0.3530768381136933 0.3530768381136933 6.424950017481403
228 1.0 0.3522920458319578 0.3522920458319578 6.429345628954441
229 1.0 0.35151244178735896 0.35151244178735896 6.43372200355424
230 1.0 0.35073796915965516 0.35073796915965516 6.438079308923196
231 1.0 0.3499685719951814 0.3499685719951814 6.442417710521793
232 1.0 0.3492041951899406 0.3492041951899406 6.44673737166631
233 1.0 0.34844478447309757 0.34844478447309757 6.4510384535657
234 1.0 0.3476902863908616 0.3476902863908616 6.455321115357702
235 1.0 0.34694064829074905 0.34694064829074905 6.459585514144159
236 1.0 0.34619581830621493 0.34619581830621493 6.4638318050256105
237 1.0 0.3454557453416423 0.3454557453416423 6.4680601411351315
238 1.0 0.344720379057681 0.344720379057681 6.472270673671475
239 1.0 0.34398966985692553 0.34398966985692553 6.476463551931511
240 1.0 0.3432635688699225 0.3432635688699225 6.480638923341991
241 1.0 0.3425420279414996 0.3425420279414996 6.484796933490655
242 1.0 0.3418249996174068 0.3418249996174068 6.488937726156687
243 1.0 0.3411124371312611 0.3411124371312611 6.493061443340548
244 1.0 0.3404042943917878 0.3404042943917878 6.497168225293202
245 1.0 0.33970052597034917 0.33970052597034917 6.501258210544727
246 1.0 0.33900108708875376 0.33900108708875376 6.5053315359323625
247 1.0 0.33830593360733824 0.33830593360733824 6.5093883366279774
248 1.0 0.33761502201331556 0.33761502201331556 6.5134287461649825
249 1.0 0.33692830940938084 0.33692830940938084 6.517452896464707
250 1.0 0.33624575350257024 0.33624575350257024 6.521460917862246
251 1.0 0.33556731259336475 0.33556731259336475 6.5254529391317835
252 1.0 0.33489294556503296 0.33489294556503296 6.529429087511423
253 1.0 0.3342226118732069 0.3342226118732069 6.53338948872752
254 1.0 0.3335562715356848 0.3335562715356848 6.537334267018537
255 1.0 0.3328938851224547 0.3328938851224547 6.541263545158426
256 1.0 0.33223541374593374 0.33223541374593374 6.545177444479562
257 1.0 0.3315808190514173 0.3315808190514173 6.54907608489522
258 1.0 0.3309300632077327 0.3309300632077327 6.552959584921617
259 1.0 0.3302831088980927 0.3302831088980927 6.556828061699537
260 1.0 0.32963991931114306 0.32963991931114306 6.560681631015528
261 1.0 0.3290004581322 0.3290004581322 6.564520407322694
262 1.0 0.3283646895346725 0.3283646895346725 6.568344503761097
263 1.0 0.3277325781716647 0.3277325781716647 6.572154032177765
264 1.0 0.3271040891677545 0.3271040891677545 6.575949103146316
265 1.0 0.32647918811094334 0.32647918811094334 6.579729825986222
266 1.0 0.32585784104477344 0.32585784104477344 6.583496308781699
267 1.0 0.3252400144606079 0.3252400144606079 6.58724865840025
268 1.0 0.32462567529007075 0.32462567529007075 6.5909869805108565
269 1.0 0.3240147908976415 0.3240147908976415 6.594711379601839
270 1.0 0.32340732907340203 0.32340732907340203 6.598421958998375
271 1.0 0.3228032580259307 0.3228032580259307 6.602118820879701
272 1.0 0.3222025463753415 0.3222025463753415 6.605802066295998
273 1.0 0.321605163146464 0.321605163146464 6.60947179518496
274 1.0 0.32101107776216026 0.32101107776216026 6.6131281063880705
275 1.0 0.32042026003677715 0.32042026003677715 6.616771097666572
276 1.0 0.31983268016972866 0.31983268016972866 6.62040086571715
277 1.0 0.31924830873920723 0.31924830873920723 6.6240175061873385
278 1.0 0.31866711669601944 0.31866711669601944 6.627621113690637
279 1.0 0.31808907535754427 0.31808907535754427 6.631211781821365
280 1.0 0.31751415640181 0.31751415640181 6.634789603169249
281 1.0 0.31694233186168846 0.31694233186168846 6.638354669333745
282 1.0 0.31637357411920247 0.31637357411920247 6.641907070938114
283 1.0 0.31580785589994437 0.31580785589994437 6.645446897643238
284 1.0 0.31524515026760375 0.31524515026760375 6.648974238161206
285 1.0 0.31468543061860077 0.31468543061860077 6.652489180268651
286 1.0 0.3141286706768234 0.3141286706768234 6.655991810819852
287 1.0 0.31357484448846584 0.31357484448846584 6.659482215759621
288 1.0 0.31302392641696636 0.31302392641696636 6.662960480135946
289 1.0 0.3124758911380415 0.3124758911380415 6.666426688112432
290 1.0 0.31193071363481495 0.31193071363481495 6.66988092298052
291 1.0 0.3113883691930396 0.3113883691930396 6.673323267171493
292 1.0 0.3108488333964089 0.3108488333964089 6.676753802268282
293 1.0 0.31031208212195754 0.31031208212195754 6.680172609017068
294 1.0 0.30977809153554847 0.30977809153554847 6.683579767338681
295 1.0 0.30924683808744374 0.30924683808744374 6.68697535633982
296 1.0 0.3087182985079591 0.3087182985079591 6.69035945432406
297 1.0 0.30819244980319876 0.30819244980319876 6.6937321388027
298 1.0 0.3076692692508692 0.3076692692508692 6.697093486505405
299 1.0 0.30714873439617074 0.30714873439617074 6.700443573390687
300 1.0 0.3066308230477647 0.3066308230477647 6.703782474656201
301 1.0 0.3061155132738141 0.3061155132738141 6.707110264748875
302 1.0 0.30560278339809777 0.30560278339809777 6.71042701737487
303 1.0 0.3050926119961941 0.3050926119961941 6.713732805509369
304 1.0 0.30458497789173544 0.30458497789173544 6.717027701406222
305 1.0 0.3040798601527293 0.3040798601527293 6.720311776607412
306 1.0 0.30357723808794645 0.30357723808794645 6.723585101952381
307 1.0 0.30307709124337423 0.30307709124337423 6.726847747587197
308 1.0 0.302579399398733 0.302579399398733 6.730099782973574
309 1.0 0.3020841425640553 0.3020841425640553 6.733341276897746
310 1.0 0.3015913009763256 0.3015913009763256 6.736572297479192
311 1.0 0.30110085509618023 0.30110085509618023 6.739792912179234
312 1.0 0.30061278560466514 0.30061278560466514 6.7430031878094825
313 1.0 0.3001270734000518 0.3001270734000518 6.746203190540153
314 1.0 0.29964369959470777 0.29964369959470777 6.749392985908253
315 1.0 0.29916264551202365 0.29916264551202365 6.752572638825633
316 1.0 0.29868389268339285 0.29868389268339285 6.755742213586912
317 1.0 0.2982074228452439 0.2982074228452439 6.75890177387728
318 1.0 0.29773321793612517 0.29773321793612517 6.762051382780177
319 1.0 0.29726126009383924 0.29726126009383924 6.765191102784844
320 1.0 0.29679153165262695 0.29679153165262695 6.768320995793772
321 1.0 0.2963240151404004 0.2963240151404004 6.771441123130016
322 1.0 0.29585869327602266 0.29585869327602266 6.7745515455444085
323 1.0 0.2953955489666347 0.2953955489666347 6.777652323222656
324 1.0 0.29493456530502754 0.29493456530502754 6.780743515792329
325 1.0 0.2944757255670588 0.2944757255670588 6.783825182329737
326 1.0 0.2940190132091139 0.2940190132091139 6.786897381366708
327 1.0 0.2935644118656093 0.2935644118656093 6.7899601708972535
328 1.0 0.293111905346538 0.293111905346538 6.793013608384144
329 1.0 0.2926614776350568 0.2926614776350568 6.796057750765372
330 1.0 0.29221311288511315 0.29221311288511315 6.799092654460526
331 1.0 0.2917667954191119 0.2917667954191119 6.802118375377063
332 1.0 0.29132250972562135 0.29132250972562135 6.805134968916488
333 1.0 0.2908802404571168 0.2908802404571168 6.808142489980444
334 1.0 0.2904399724277614 0.2904399724277614 6.811140992976701
335 1.0 0.29000169061122366 0.29000169061122366 6.814130531825066
336 1.0 0.28956538013853184 0.28956538013853184 6.817111159963204
337 1.0 0.2891310262959614 0.2891310262959614 6.820082930352362
338 1.0 0.28869861452295914 0.28869861452295914 6.823045895483019
339 1.0 0.28826813041009963 0.28826813041009963 6.82600010738045
340 1.0 0.287839559697076 0.287839559697076 6.8289456176102075
341 1.0 0.28741288827072226 0.28741288827072226 6.831882477283517
342 1.0 0.28698810216306825 0.28698810216306825 6.834810737062605
343 1.0 0.2865651875494257 0.2865651875494257 6.8377304471659395
344 1.0 0.286144130746505 0.286144130746505 6.840641657373398
345 1.0 0.285724918210562 0.285724918210562 6.84354441703136
346 1.0 0.2853075365355748 0.2853075365355748 6.846438775057725
347 1.0 0.2848919724514489 0.2848919724514489 6.849324779946859
348 1.0 0.284478212822252 0.284478212822252 6.8522024797744745
349 1.0 0.28406624464447494 0.28406624464447494 6.855071922202427
350 1.0 0.28365605504532204 0.28365605504532204 6.857933154483459
351 1.0 0.2832476312810269 0.2832476312810269 6.860786223465865
352 1.0 0.2828409607351955 0.2828409607351955 6.863631175598097
353 1.0 0.28243603091717434 0.28243603091717434 6.8664680569332965
354 1.0 0.2820328294604454 0.2820328294604454 6.869296913133774
355 1.0 0.28163134412104457 0.28163134412104457 6.872117789475416
356 1.0 0.2812315627760056 0.2812315627760056 6.87493073085203
357 1.0 0.2808334734218278 0.2808334734218278 6.877735781779639
358 1.0 0.2804370641729676 0.2804370641729676 6.8805329864007
359 1.0 0.2800423232603526 0.2800423232603526 6.883322388488279
360 1.0 0.27964923902991967 0.27964923902991967 6.886104031450156
361 1.0 0.2792577999411741 0.2792577999411741 6.8888779583328805
362 1.0 0.27886799456577177 0.27886799456577177 6.8916442118257715
363 1.0 0.2784798115861221 0.2784798115861221 6.8944028342648505
364 1.0 0.27809323979401285 0.27809323979401285 6.8971538676367405
365 1.0 0.2777082680892552 0.2777082680892552 6.8998973535824915
366 1.0 0.27732488547834977 0.27732488547834977 6.902633333401366
367 1.0 0.2769430810731721 0.2769430810731721 6.905361848054571
368 1.0 0.27656284408967874 0.27656284408967874 6.908082938168931
369 1.0 0.2761841638466316 0.2761841638466316 6.910796644040527
370 1.0 0.27580702976434224 0.27580702976434224 6.91350300563827
371 1.0 0.27543143136343473 0.27543143136343473 6.916202062607435
372 1.0 0.2750573582636262 0.2750573582636262 6.918893854273146
373 1.0 0.2746848001825263 0.2746848001825263 6.921578419643816
374 1.0 0.27431374693445393 0.27431374693445393 6.924255797414532
375 1.0 0.2739441884292713 0.2739441884292713 6.926926025970411
376 1.0 0.2735761146712359 0.2735761146712359 6.929589143389895
377 1.0 0.27320951575786767 0.27320951575786767 6.932245187448011
378 1.0 0.27284438187883486 0.27284438187883486 6.934894195619588
379 1.0 0.27248070331485424 0.27248070331485424 6.937536205082426
380 1.0 0.2721184704366083 0.2721184704366083 6.940171252720432
381 1.0 0.2717576737036779 0.2717576737036779 6.942799375126701
382 1.0 0.27139830366349055 0.27139830366349055 6.945420608606575
383 1.0 0.2710403509502833 0.2710403509502833 6.948034989180646
384 1.0 0.27068380628408106 0.27068380628408106 6.950642552587727
385 1.0 0.2703286604696897 0.2703286604696897 6.953243334287785
386 1.0 0.2699749043957026 0.2699749043957026 6.955837369464831
387 1.0 0.269622529033523 0.269622529033523 6.958424693029782
388 1.0 0.2692715254363984 0.2692715254363984 6.961005339623274
389 1.0 0.2689218847384702 0.2689218847384702 6.963579343618446
390 1.0 0.26857359815383575 0.26857359815383575 6.966146739123692
391 1.0 0.26822665697562464 0.26822665697562464 6.968707559985366
392 1.0 0.26788105257508676 0.26788105257508676 6.971261839790462
393 1.0 0.2675367764006946 0.2675367764006946 6.973809611869261
394 1.0 0.26719381997725655 0.26719381997725655 6.976350909297934
395 1.0 0.2668521749050441 0.2668521749050441 6.978885764901122
396 1.0 0.26651183285893043 0.26651183285893043 6.981414211254481
397 1.0 0.2661727855875408 0.2661727855875408 6.983936280687191
398 1.0 0.2658350249124154 0.2658350249124154 6.986452005284438
399 1.0 0.26549854272718304 0.26549854272718304 6.988961416889864
400 1.0 0.265163330996747 0.265163330996747 6.991464547107982
401 1.0 0.26482938175648146 0.26482938175648146 6.993961427306569
402 1.0 0.26449668711143925 0.26449668711143925 6.996452088619021
403 1.0 0.26416523923557056 0.26416523923557056 6.998936561946683
404 1.0 0.26383503037095196 0.26383503037095196 7.0014148779611505
405 1.0 0.26350605282702644 0.26350605282702644 7.003887067106539
406 1.0 0.26317829897985323 0.26317829897985323 7.0063531596017325
407 1.0 0.26285176127136844 0.26285176127136844 7.008813185442595
408 1.0 0.26252643220865485 0.26252643220865485 7.0112671744041615
409 1.0 0.26220230436322256 0.26220230436322256 7.013715156042802
410 1.0 0.26187937037029846 0.26187937037029846 7.016157159698354
411 1.0 0.26155762292812584 0.26155762292812584 7.018593214496234
412 1.0 0.26123705479727294 0.26123705479727294 7.021023349349527
413 1.0 0.2609176587999512 0.2609176587999512 7.023447592961033
414 1.0 0.2605994278193421 0.2605994278193421 7.025865973825314
415 1.0 0.26028235479893347 0.26028235479893347 7.028278520230698
416 1.0 0.25996643274186415 0.25996643274186415 7.030685260261263
417 1.0 0.2596516547102777 0.2596516547102777 7.0330862217988015
418 1.0 0.2593380138246843 0.2593380138246843 7.035481432524756
419 1.0 0.2590255032633314 0.2590255032633314 7.037870919922137
420 1.0 0.25871411626158247 0.25871411626158247 7.040254711277414
421 1.0 0.25840384611130385 0.25840384611130385 7.042632833682381
422 1.0 0.2580946861602596 0.2580946861602596 7.045005314036012
423 1.0 0.2577866298115145 0.2577866298115145 7.0473721790462776
424 1.0 0.2574796705228447 0.2574796705228447 7.049733455231958
425 1.0 0.2571738018061556 0.2571738018061556 7.052089168924417
426 1.0 0.25686901722690814 0.25686901722690814 7.054439346269371
427 1.0 0.2565653104035518 0.2565653104035518 7.056784013228625
428 1.0 0.25626267500696503 0.25626267500696503 7.059123195581797
429 1.0 0.2559611047599033 0.2559611047599033 7.061456918928017
430 1.0 0.25566059343645353 0.25566059343645353 7.063785208687608
431 1.0 0.2553611348614963 0.2553611348614963 7.066108090103747
432 1.0 0.25506272291017423 0.25506272291017423 7.068425588244111
433 1.0 0.2547653515073677 0.2547653515073677 7.07073772800249
434 1.0 0.25446901462717664 0.25446901462717664 7.073044534100405
435 1.0 0.2541737062924097 0.2541737062924097 7.075346031088684
436 1.0 0.25387942057407925 0.25387942057407925 7.077642243349034
437 1.0 0.25358615159090264 0.25358615159090264 7.07993319509559
438 1.0 0.2532938935088105 0.2532938935088105 7.082218910376446
439 1.0 0.25300264054046057 0.25300264054046057 7.0844994130751715
440 1.0 0.2527123869447577 0.2527123869447577 7.0867747269123065
441 1.0 0.2524231270263803 0.2524231270263803 7.089044875446846
442 1.0 0.25213485513531236 0.25213485513531236 7.091309882077698
443 1.0 0.2518475656663808 0.2518475656663808 7.093569770045136
444 1.0 0.2515612530587999 0.2515612530587999 7.095824562432225
445 1.0 0.2512759117957201 0.2512759117957201 7.09807428216624
446 1.0 0.250991536403783 0.250991536403783 7.100318952020064
447 1.0 0.25070812145268184 0.25070812145268184 7.102558594613569
448 1.0 0.2504256615547271 0.2504256615547271 7.104793232414985
449 1.0 0.2501441513644177 0.2501441513644177 7.1070228877422545
450 1.0 0.24986358557801752 0.24986358557801752 7.1092475827643655
451 1.0 0.24958395893313687 0.24958395893313687 7.111467339502679
452 1.0 0.24930526620831908 0.24930526620831908 7.113682179832232
453 1.0 0.24902750222263245 0.24902750222263245 7.115892125483034
454 1.0 0.24875066183526678 0.24875066183526678 7.118097198041348
455 1.0 0.24847473994513505 0.24847473994513505 7.12029741895095
456 1.0 0.24819973149047975 0.24819973149047975 7.1224928095143865
457 1.0 0.24792563144848404 0.24792563144848404 7.124683390894205
458 1.0 0.24765243483488764 0.24765243483488764 7.126869184114185
459 1.0 0.24738013670360734 0.24738013670360734 7.129050210060545
460 1.0 0.24710873214636186 0.24710873214636186 7.131226489483141
461 1.0 0.24683821629230165 0.24683821629230165 7.133398042996649
462 1.0 0.2465685843076425 0.2465685843076425 7.135564891081739
463 1.0 0.24629983139530404 0.24629983139530404 7.137727054086234
464 1.0 0.2460319527945523 0.2460319527945523 7.139884552226255
465 1.0 0.24576494378064667 0.24576494378064667 7.142037405587356
466 1.0 0.24549879966449067 0.24549879966449067 7.144185634125646
467 1.0 0.2452335157922874 0.2452335157922874 7.1463292576688975
468 1.0 0.24496908754519858 0.24496908754519858 7.148468295917647
469 1.0 0.24470551033900786 0.24470551033900786 7.150602768446279
470 1.0 0.244442779623788 0.244442779623788 7.152732694704104
471 1.0 0.24418089088357195 0.24418089088357195 7.154858094016418
472 1.0 0.2439198396360278 0.2439198396360278 7.156978985585555
473 1.0 0.2436596214321376 0.2436596214321376 7.159095388491933
474 1.0 0.2434002318558796 0.2434002318558796 7.161207321695077
475 1.0 0.2431416665239147 0.2431416665239147 7.163314804034641
476 1.0 0.242883921085276 0.242883921085276 7.16541785423142
477 1.0 0.24262699122106246 0.24262699122106246 7.1675164908883415
478 1.0 0.24237087264413557 0.24237087264413557 7.169610732491456
479 1.0 0.24211556109881993 0.24211556109881993 7.171700597410915
480 1.0 0.24186105236060707 0.24186105236060707 7.173786103901937
481 1.0 0.24160734223586278 0.24160734223586278 7.175867270105761
482 1.0 0.24135442656153766 0.24135442656153766 7.1779441140506
483 1.0 0.24110230120488113 0.24110230120488113 7.180016653652572
484 1.0 0.24085096206315842 0.24085096206315842 7.182084906716632
485 1.0 0.24060040506337135 0.24060040506337135 7.184148890937483
486 1.0 0.24035062616198152 0.24035062616198152 7.186208623900494
487 1.0 0.24010162134463733 0.24010162134463733 7.18826412308259
488 1.0 0.23985338662590358 0.23985338662590358 7.1903154058531475
489 1.0 0.23960591804899445 0.23960591804899445 7.192362489474872
490 1.0 0.23935921168550936 0.23935921168550936 7.194405391104672
491 1.0 0.2391132636351718 0.2391132636351718 7.19644412779452
492 1.0 0.23886807002557098 0.23886807002557098 7.198478716492308
493 1.0 0.2386236270119067 0.2386236270119067 7.20050917404269
494 1.0 0.23837993077673672 0.23837993077673672 7.202535517187923
495 1.0 0.23813697752972718 0.23813697752972718 7.20455776256869
496 1.0 0.23789476350740552 0.23789476350740552 7.206575926724928
497 1.0 0.2376532849729166 0.2376532849729166 7.208590026096629
498 1.0 0.23741253821578098 0.23741253821578098 7.210600077024653
499 1.0 0.23717251955165644 0.23717251955165644 7.212606095751519
500 1.0 0.23693322532210156 0.23693322532210156 7.214608098422191
501 1.0 0.2366946518943423 0.2366946518943423 7.2166061010848646
502 1.0 0.23645679566104108 0.23645679566104108 7.218600119691729
503 1.0 0.23621965304006828 0.23621965304006828 7.220590170099739
504 1.0 0.2359832204742763 0.2359832204742763 7.222576268071369
505 1.0 0.23574749443127618 0.23574749443127618 7.22455842927536
506 1.0 0.23551247140321643 0.23551247140321643 7.226536669287466
507 1.0 0.23527814790656454 0.23527814790656454 7.2285110035911835
508 1.0 0.23504452048189062 0.23504452048189062 7.230481447578482
509 1.0 0.23481158569365365 0.23481158569365365 7.2324480165505225
510 1.0 0.23457934012998974 0.23457934012998974 7.234410725718371
511 1.0 0.23434778040250295 0.23434778040250295 7.236369590203704
512 1.0 0.23411690314605813 0.23411690314605813 7.238324625039508
